5
7
8
9
10
11
12
13
14
15
16
17
18
19
20
21
22
24
25
26
27
28
29
30
31
32
33
34
35
36
37
38
39
40
41
42
43
44
45
46
47
48
49
50
51
52
53
54
55
56
57
58
59
60
61
62
63
64
65
66
67
35
358
362
365
369
370
371
372
373
378
380
387
390
396
399
405
407
412
419
420
421
425
466
478
482
492
501
506
510
511
518
519
520
529
530
531
534
536
546
548
559
567
575
579
586
597
599
601
606
608
611
614
618
621
622
640
641
666
695
697
699
712
721
728
747
748
760
761
769
782
787
790
797
798
808
811
827
854
858
890
891
893
896
908
910
914
917
918
920
937
954
955
960
963
964
969
973
975
977
980
986
1003
1004
1008
1011
1015
1020
1027
1031
1038
1039
1040
1041
1044
1061
1075
1079
1085
1089
1096
1114
1119
1149
1150
1155
1159
1160
1173
1175
1179
1183
1249
1251
1262
1281
1291
1297
1299
1300
1301
1307
1312
1314
1318
1322
1323
1326
1335
1337
1356
1358
1362
1374
1376
1385
1394
1395
1404
1414
1415
1417
1426
1429
1431
1437
1444
1445
1451
1453
1471
1472
1483
1488
1491
1493
1494
1507
1510
1519
1523
1533
1548
1552
1565
1567
1569
1574
1575
1578
1582
1585
1589
1596
1603
1604
1622
1628
1631
1632
1638
1649
1660
1664
1665
1674
1676
1681
1692
1705
1706
1713
1715
1717
1741
1753
1759
1788
1802
1808
1819
1825
1827
1829
1838
1846
1848
1863
1875
1876
1902
1911
1914
1917
1918
1926
1932
1943
1945
1947
1949
1951
1952
1962
1972
1977
1986
1987
2003
2011
2012
2026
2027
2048
2052
2055
2062
2064
2068
2070
2076
2093
2097
2103
2110
2122
2127
2134
2140
2147
2148
2157
2163
2167
2171
2173
2183
2184
2191
2222
2224
2230
2231
2244
2255
2262
2263
2264
2274
2279
2281
2282
2286
2291
2294
2298
2307
2319
2324
2329
2331
2335
2339
2348
2349
2356
2370
2392
2396
2399
2416
2429
2437
2441
2449
2450
2452
2455
2458
2463
2476
2478
2479
2490
2493
2495
2503
2530
2536
2543
2544
2566
2574
2578
2586
2606
2608
2609
2621
2628
2635
2638
2643
2646
2650
2670
2683
2691
2692
2712
2724
2730
2735
2737
2741
2746
2753
2759
2775
2779
2801
2819
2825
2826
2832
2836
2846
2859
2864
2866
2870
2873
2877
2878
2880
2881
2883
2886
2887
2888
2907
2909
2913
2916
2920
2924
2926
2927
2942
2948
2954
2972
2978
2993
2997
3001
3024
3031
3043
3045
3046
3055
3061
3064
3074
3076
3077
3082
3083
3084
3087
3090
3091
3093
3096
3127
3129
3131
3147
3148
3157
3159
3177
3214
3215
3232
3233
3242
3244
3245
3255
3259
3262
3278
3279
3283
3284
3295
3297
330
3306
3309
3310
3325
3331
3356
3362
3364
3367
3374
3381
3383
3386
3419
3426
3429
3434
3435
3436
3460
3474
3484
3489
3505
3506
3512
3519
3521
3529
3545
3550
3560
3584
3588
3612
3635
3642
3643
3671
3673
3674
3680
3683
3687
3688
3689
3698
3702
3706
3709
3711
3715
3716
3724
3728
3730
3733
3734
3754
3761
3762
3769
3772
3781
3784
3795
3797
3818
3821
3837
3847
3866
3870
3882
3883
3894
3895
